20
17
23
16
23
19
16
22
18
17
17
23
17
22
24
20
16
16
23
22
16
21
24
23
19
21
24
20
21
17
20
16
18
17
22
18
19
16
19
24
24
21
21
18
20
17
21
22
22
20
18
24
20
18
20
18
24
20
20
21
22
16
18
20
20
24
17
20
20
16
24
22
21
20
22
22
19
23
20
24
17
20
17
21
17
19
17
18
23
18
24
21
18
22
18
22
21
16
18
18
24
21
18
19
22
24
16
17
22
24
18
22
17
24
17
20
24
18
24
18
23
20
23
19
24
21
16
19
16
22
22
16
18
22
21
21
21
19
20
17
24
16
18
20
17
21
19
16
17
16
23
19
20
19
24
19
17
19
20
18
19
19
17
16
19
17
23
21
23
20
22
19
17
22
20
16
18
20
18
18
24
23
20
19
19
20
20
17
24
19
26
28
29
28
27
30
26
26
27
27
29
28
25
27
25
26
28
30
27
25
29
30
28
26
30
26
26
26
26
27
25
26
26
28
25
25
25
30
26
30
25
25
29
25
28
28
30
30
27
28
28
29
25
28
29
26
27
26
25
30
29
26
29
27
30
29
30
25
25
27
29
26
29
28
26
30
25
25
29
29
27
25
26
29
29
28
29
27
26
30
29
28
26
26
30
27
28
27
27
29
27
25
30
30
27
25
28
30
26
26
29
27
28
25
26
29
26
27
27
29
26
25
25
29
25
30
28
29
30
29
28
30
28
25
29
25
29
29
28
26
29
26
29
27
29
27
29
29
29
27
27
26
27
25
25
27
27
30
26
26
26
27
29
26
27
25
30
30
29
28
25
29
26
28
28
28
29
27
25
28
30
29
28
28
28
29
26
30
29
26
29
28
28
27
25
29
27
28
27
30
26
28
30
26
25
28
28
25
30
28
30
29
30
25
29
29
28
27
27
29
28
27
28
29
29
27
25
29
30
29
30
28
30
30
29
27
25
30
26
28
29
29
26
26
30
29
25
25
25
30
27
30
25
27
28
28
26
26
26
26
26
30
29
27
29
30
27
28
30
26
26
27
26
30
29
28
25
27
25
26
27
29
25
30
30
25
30
28
29
25
25
30
30
29
27
27
29
27
26
26
34
33
32
31
34
32
32
35
35
34
32
35
33
31
34
32
33
32
31
35
31
34
33
34
31
31
31
34
31
34
32
34
34
31
34
35
35
33
34
34
33
35
35
33
34
31
32
35
34
31
33
32
32
34
34
31
34
35
31
34
34
35
33
32
33
32
32
35
33
32
35
31
31
35
35
32
33
32
31
31
32
31
35
31
35
32
34
35
34
34
32
35
32
35
31
32
34
33
33
34
32
32
32
34
35
35
31
34
32
34
33
33
33
33
31
34
32
35
35
33
31
31
35
32
31
35
33
33
31
33
34
32
32
31
35
32
35
34
35
31
31
35
32
34
32
34
31
31
31
31
34
35
31
35
34
31
35
33
31
31
35
34
31
32
35
35
33
35
32
32
35
31
34
34
31
32
31
33
34
32
32
32
34
33
31
32
31
34
34
31
31
31
33
33
32
32
32
32
31
35
35
32
31
32
32
33
34
35
32
32
31
34
31
34
34
33
35
31
31
31
31
33
32
33
34
35
34
34
35
35
32
32
31
31
33
35
31
31
35
33
35
35
31
32
34
31
32
34
33
32
35
33
35
35
34
31
31
31
34
31
34
35
34
35
35
35
32
31
33
32
33
35
33
34
31
34
33
35
32
35
33
35
35
31
35
32
33
31
34
33
32
33
33
35
35
35
32
33
31
35
34
31
32
31
35
33
33
32
31
32
39
38
39
38
38
37
37
36
40
38
36
36
39
39
36
40
39
37
40
36
39
37
36
37
39
40
38
37
40
39
36
38
40
37
36
38
37
38
36
39
39
37
36
39
40
36
38
38
37
37
39
39
38
37
39
38
36
39
36
39
36
38
36
38
37
40
36
39
38
38
39
39
37
37
39
39
40
40
39
36
36
39
40
39
36
39
40
36
39
36
36
36
38
39
38
38
40
40
37
37
38
38
36
36
39
38
37
38
38
40
40
38
36
40
40
39
39
40
40
38
36
39
37
36
37
39
37
39
40
38
40
37
39
40
38
40
36
37
40
36
36
36
40
39
40
39
37
39
40
37
55
46
53
54
44
50
41
48
48
51
46
49
51
49
44
55
45
42
42
43
48
49
42
41
43
53
51
49
50
41
44
51
51
52
47
48
49
52
44
55
44
55
50
43
55
49
51
42
49
48
