1800
1700
1900
1900
1800
1500
1800
1800
1700
1600
1700
1800
1800
1600
1900
1500
1700
1700
1500
1900
1500
1500
1600
1700
1900
1500
1900
1600
1900
1700
1600
1600
1800
1800
1600
1700
1900
1500
1500
1700
1800
1800
1900
1800
1600
1700
1800
1700
1800
1800
1600
1700
1800
1700
1900
1600
1500
1700
1900
1500
1500
1900
1800
1500
1700
1800
1600
1600
1600
1500
1800
1700
1500
1800
1600
1800
1800
1600
1800
1600
1600
1600
1600
1700
1800
1900
1700
1900
1900
1800
1500
1800
1500
1900
1900
1600
1900
1900
1600
1700
1500
1600
1600
1500
1900
1500
1800
1900
1500
1900
1700
1500
1700
1900
1600
1500
1600
1700
1800
1600
1600
1800
1500
1700
2700
2700
2200
2500
2400
2200
2400
2000
2200
2000
2200
2000
2800
2100
2800
2900
2000
2500
2100
2900
2100
2900
2400
2600
2600
2700
2500
2200
2300
2300
2000
2400
2400
2800
2800
2000
2700
2500
2500
2300
2700
2500
2700
2500
2200
2400
2900
2800
2300
2400
2800
2900
2800
2200
2200
2200
2100
2000
2800
2100
2500
2500
2300
2900
2000
2000
2600
2700
2500
2100
2700
2400
2300
2800
2600
2700
2500
2500
2000
2300
2300
2600
2300
2900
2300
2400
2800
2200
2500
2200
2500
2200
2800
2400
2900
2500
2200
2800
2700
2600
2800
2700
2300
2700
2300
2800
2400
2400
2300
2400
2200
2900
2600
2300
2300
2300
2000
2400
2800
2300
2100
2000
2400
2900
2300
2400
2700
2600
2900
2700
2700
2300
2500
2100
2500
2500
2700
2400
2000
2000
2900
2000
2500
2500
2000
2100
2500
2200
2000
2700
2100
2400
2800
2600
2600
2900
2000
2500
2700
2400
2500
2400
2800
2700
2600
2000
2300
2700
3600
4000
4000
4500
3000
3300
4700
3700
4200
3400
4200
3900
3500
4700
3200
3400
3500
4800
4400
3200
3400
3100
4900
4700
4100
4400
4200
4300
4100
4100
4900
3000
3500
3000
4700
3200
4200
4600
4800
4300
4700
3200
3500
4400
3400
4400
4200
4100
3600
4400
4400
4700
4100
3900
3700
4700
3200
3200
3100
4900
4900
3600
3800
4600
3900
3600
3000
3600
3300
3600
3600
3900
3000
3300
4600
3000
3300
3600
4200
4300
3400
4300
3800
4800
3600
4200
3800
4500
3500
3500
3600
4800
4600
3100
4300
3900
3500
4800
3900
4000
4900
3200
3600
3600
3100
3900
4500
3400
4800
3000
4800
3300
4000
4600
3400
3700
3000
3900
3400
4500
4100
4900
3000
3500
4800
3500
4300
4500
3000
4600
3700
3700
3000
4600
3400
3400
3600
4100
4600
3500
3600
4400
3600
4800
4600
3000
3500
4800
3600
3800
4600
3400
4300
4600
4100
4300
4000
4600
3200
4800
4400
4100
3100
4600
4200
3200
3600
3600
4300
3100
3300
4700
4800
3900
4600
4100
4100
3800
3000
4200
3500
4600
4100
3200
3400
4300
3800
3900
4800
4500
4200
3200
3900
3800
3900
3400
4800
4000
4800
4400
4100
4500
4300
4000
3400
4300
4300
3400
3500
4600
4200
4200
3600
4000
3300
3700
3800
4300
3300
4900
4800
4600
3100
4000
3100
3500
4900
4200
3000
4200
4800
3700
3100
3400
3200
4100
3200
4400
4600
3400
4900
3100
3400
4500
3000
4300
4800
3700
4600
3800
4000
4600
4100
3400
4100
4600
3000
3600
3500
4600
3100
3900
4900
3100
4200
3300
4500
4600
3100
3600
4600
3900
3600
4800
3100
4300
3700
3400
4200
3200
3000
3500
3100
4900
3800
3200
4200
3200
4400
4900
3500
4300
3500
4300
3100
3300
4100
3700
3200
4200
4600
4100
3800
3700
4200
4400
4600
4300
3100
4300
3900
4400
3700
3100
3400
3400
3700
3200
4800
4800
3600
4300
3500
3000
4400
4100
3600
4600
3700
3200
4300
6500
5700
5500
6400
7400
5400
5900
7400
6600
6900
5000
7800
7200
6700
5100
5800
7500
7400
5300
5700
7500
6100
7500
6400
5200
6200
7700
5000
5300
6500
6900
7800
6800
5900
6900
6500
7500
6200
7100
6400
6900
7700
6100
6300
6300
6200
6200
6200
5400
5100
7500
7500
5400
6500
6300
6800
7100
7200
6100
6700
5300
6200
6000
5700
5900
7500
5000
7200
5600
5600
6700
6100
6900
5200
5300
5500
5800
5600
6300
5300
6500
6100
6100
7900
5900
5000
7300
7300
5400
6000
5400
6600
5900
7800
6700
7200
5100
6500
6900
7700
6900
7800
6400
7100
5600
6400
7900
7800
5600
5900
5700
6200
5400
5900
7200
5800
5200
7100
5500
7400
7900
7300
6300
7400
6300
5300
6400
7900
6700
5400
5500
7900
5800
7400
5200
5300
7200
5300
5500
6400
7500
5500
7600
7800
6800
6400
7400
6900
7800
5100
7000
7700
6600
6100
6800
7400
7500
7400
7000
6900
7500
6800
7900
7000
7500
7100
6600
6200
5300
6400
7700
5400
6100
7300
6900
6900
6300
5200
6000
5700
6200
7200
7900
7500
5500
6300
7400
6600
5600
7800
6300
6800
5600
7800
5900
6700
5200
5900
5300
5200
7700
6000
7500
7100
7300
5500
5300
5000
5700
6600
6500
6000
5400
8800
9200
8600
8400
9800
9600
8000
8500
9600
8600
9500
8600
8100
9400
9300
8400
9600
9100
8500
9200
8800
9000
9400
9600
9300
9100
8400
9600
9400
8600
9300
8300
8200
8000
8200
8800
8200
8600
9000
8800
9900
9500
8900
8400
8800
9700
8800
8400
9100
9400
9200
8500
9400
9800
8400
9900
8100
8500
8400
9500
8400
9600
8900
8000
9700
8900
9200
8700
8200
9200
9500
9700
9200
8900
9600
9500
9000
9400
8800
9900
9000
8600
9200
9600
9000
8200
16700
10200
15300
13300
15600
12300
15900
16200
10700
12200
14000
11300
17000
15100
11300
11200
16900
14900
11400
11200
13500
13600
13000
10200
13600
13300
15900
13800
12500
16000
10500
15700
10600
11600
14900
15000
15000
11100
12300
15900
11500
15800
15200
15600
14300
11800
16600
16500
16400
12300
16800
11800
14500
11000
10400
14800
14400
14100
10800
12700
13900
12200
11300
13100
16600
11000
15600
13700
12800
11400
15300
13500
12000
16400
14700
15500
12600
10100
